1
[1]

15
[9, 7, 2, 14, 11, 5, 4, 12, 13, 3, 6, 10, 15, 1, 8]

16
[8, 1, 15, 10, 6, 3, 13, 12, 4, 5, 11, 14, 2, 7, 9, 16]

17
[17, 8, 1, 15, 10, 6, 3, 13, 12, 4, 5, 11, 14, 2, 7, 9, 16]

23
[18, 7, 9, 16, 20, 5, 11, 14, 2, 23, 13, 12, 4, 21, 15, 10, 6, 19, 17, 8, 1, 3, 22]

25
[2, 23, 13, 12, 24, 25, 11, 14, 22, 3, 1, 8, 17, 19, 6, 10, 15, 21, 4, 5, 20, 16, 9, 7, 18]

26
[22, 14, 2, 23, 26, 10, 15, 21, 4, 12, 13, 3, 6, 19, 17, 8, 1, 24, 25, 11, 5, 20, 16, 9, 7, 18]

27
[18, 7, 2, 23, 26, 10, 6, 19, 17, 8, 1, 15, 21, 4, 5, 20, 16, 9, 27, 22, 14, 11, 25, 24, 12, 13, 3]

28
[18, 7, 2, 23, 13, 12, 24, 25, 11, 14, 22, 27, 9, 16, 20, 5, 4, 21, 28, 8, 17, 19, 6, 3, 1, 15, 10, 26]

29
[17, 19, 6, 3, 13, 12, 4, 5, 11, 25, 24, 1, 8, 28, 21, 15, 10, 26, 23, 2, 14, 22, 27, 9, 16, 20, 29, 7, 18]

30
[24, 25, 11, 5, 4, 12, 13, 3, 1, 15, 21, 28, 8, 17, 19, 30, 6, 10, 26, 23, 2, 14, 22, 27, 9, 16, 20, 29, 7, 18]

31
[1, 15, 21, 28, 8, 17, 19, 30, 6, 10, 26, 23, 2, 14, 11, 25, 24, 12, 13, 3, 22, 27, 9, 16, 20, 29, 7, 18, 31, 5, 4]

32
[8, 28, 21, 15, 10, 26, 23, 13, 12, 4, 32, 17, 19, 30, 6, 3, 1, 24, 25, 11, 5, 31, 18, 7, 2, 14, 22, 27, 9, 16, 20, 29]

33
[29, 20, 5, 4, 21, 28, 8, 1, 15, 10, 26, 23, 13, 12, 24, 25, 11, 14, 2, 7, 18, 31, 33, 16, 9, 27, 22, 3, 6, 30, 19, 17, 32]

34
[32, 17, 19, 30, 6, 10, 26, 23, 13, 12, 24, 25, 11, 14, 2, 34, 15, 1, 8, 28, 21, 4, 5, 31, 18, 7, 9, 27, 22, 3, 33, 16, 20, 29]

35
[15, 21, 28, 8, 1, 35, 29, 20, 5, 4, 32, 17, 19, 30, 34, 2, 7, 18, 31, 33, 16, 9, 27, 22, 3, 6, 10, 26, 23, 13, 12, 24, 25, 11, 14]

36
[14, 22, 27, 9, 16, 20, 5, 11, 25, 24, 12, 13, 36, 28, 8, 17, 32, 4, 21, 15, 1, 35, 29, 7, 18, 31, 33, 3, 6, 19, 30, 34, 2, 23, 26, 10]

37
[30, 19, 17, 32, 4, 21, 15, 34, 2, 23, 26, 10, 6, 3, 22, 14, 35, 29, 7, 18, 31, 33, 16, 9, 27, 37, 12, 13, 36, 28, 8, 1, 24, 25, 11, 5, 20]

38
[36, 28, 21, 15, 10, 26, 38, 11, 25, 24, 1, 8, 17, 32, 4, 5, 20, 16, 9, 27, 22, 14, 35, 29, 7, 18, 31, 33, 3, 6, 19, 30, 34, 2, 23, 13, 12, 37]

39
[14, 35, 29, 20, 16, 9, 7, 18, 31, 33, 3, 22, 27, 37, 12, 13, 36, 28, 21, 15, 1, 24, 25, 39, 10, 6, 19, 30, 34, 2, 23, 26, 38, 11, 5, 4, 32, 17, 8]

40
[29, 20, 5, 31, 18, 7, 9, 16, 33, 3, 22, 27, 37, 12, 13, 36, 28, 8, 17, 32, 4, 21, 15, 1, 35, 14, 11, 38, 26, 23, 2, 34, 30, 19, 6, 10, 39, 25, 24, 40]

