1
[1]

2
[1, 2]

3
[3, 2, 1]

4
[3, 4, 1, 2]

5
[3, 2, 5, 4, 1]

6
[3, 2, 5, 4, 1, 6]

7
[5, 2, 3, 4, 1, 6, 7]

8
[5, 8, 1, 2, 7, 6, 3, 4]

9
[3, 6, 9, 4, 1, 2, 7, 8, 5]

10
[4, 9, 10, 3, 6, 1, 2, 5, 8, 7]

11
[11, 10, 9, 4, 3, 2, 7, 6, 1, 8, 5]

12
[6, 7, 2, 5, 10, 3, 4, 11, 8, 1, 12, 9]

13
[3, 10, 5, 2, 13, 8, 11, 4, 9, 12, 7, 6, 1]

14
[7, 12, 1, 14, 13, 6, 9, 10, 3, 4, 5, 8, 11, 2]

15
[13, 6, 9, 10, 11, 8, 7, 2, 1, 14, 5, 4, 3, 12, 15]

16
[13, 8, 7, 6, 15, 12, 9, 10, 11, 4, 3, 16, 5, 2, 1, 14]

17
[17, 10, 3, 16, 5, 14, 7, 6, 15, 4, 11, 8, 13, 2, 1, 12, 9]

18
[17, 4, 15, 12, 7, 6, 1, 14, 5, 8, 13, 2, 11, 16, 3, 10, 9, 18]

19
[17, 10, 5, 16, 11, 8, 19, 2, 7, 14, 13, 6, 9, 12, 3, 18, 1, 4, 15]

