20
[1, 2, 3, 18, 9, 12, 15, 6, 13, 14, 7, 20, 19, 8, 11, 16, 5, 10, 17, 4]
[1, 2, 3, 12, 15, 4, 17, 10, 9, 18, 21, 6, 13, 14, 7, 20, 19, 8, 11, 16, 5]

21
[1, 2, 3, 16, 11, 10, 17, 4, 15, 12, 9, 18, 21, 6, 13, 8, 19, 20, 7, 14, 5]
[1, 2, 3, 16, 11, 10, 17, 22, 5, 14, 13, 8, 19, 20, 7, 12, 15, 6, 21, 18, 9, 4]

22
[1, 2, 3, 16, 11, 10, 17, 22, 5, 14, 13, 8, 19, 20, 7, 12, 15, 6, 21, 18, 9, 4]
[1, 2, 3, 16, 23, 22, 17, 10, 11, 4, 15, 12, 9, 18, 21, 6, 13, 8, 19, 20, 7, 14, 5]

23
[1, 2, 3, 10, 11, 16, 23, 22, 17, 4, 15, 12, 9, 18, 21, 6, 13, 14, 7, 20, 19, 8, 5]
[1, 2, 3, 12, 7, 20, 19, 8, 11, 16, 5, 14, 13, 6, 15, 24, 21, 18, 9, 10, 17, 22, 23, 4]

24
[1, 2, 3, 24, 15, 6, 21, 18, 9, 12, 7, 20, 19, 8, 13, 14, 5, 22, 17, 10, 11, 16, 23, 4]
[1, 2, 3, 16, 11, 8, 19, 20, 25, 14, 13, 6, 7, 12, 9, 18, 21, 24, 15, 4, 23, 22, 17, 10, 5]

25
[1, 2, 3, 24, 21, 18, 9, 10, 17, 22, 23, 16, 11, 8, 19, 20, 25, 14, 13, 6, 7, 12, 15, 4, 5]
[1, 2, 3, 12, 15, 24, 21, 18, 9, 6, 13, 26, 19, 20, 25, 14, 7, 8, 5, 22, 23, 16, 11, 10, 17, 4]

26
[1, 2, 3, 18, 21, 24, 15, 12, 7, 20, 25, 14, 5, 10, 17, 22, 23, 16, 11, 8, 19, 26, 13, 6, 9, 4]
[1, 2, 3, 24, 21, 6, 15, 4, 17, 22, 23, 16, 11, 10, 9, 18, 27, 12, 7, 14, 25, 20, 19, 26, 13, 8, 5]

27
[1, 2, 3, 12, 27, 18, 9, 4, 15, 24, 21, 6, 7, 20, 25, 14, 13, 26, 19, 8, 11, 16, 23, 22, 17, 10, 5]
[1, 2, 3, 6, 9, 10, 17, 28, 11, 16, 23, 22, 5, 8, 13, 26, 19, 20, 25, 14, 7, 12, 27, 18, 21, 24, 15, 4]

28
[1, 2, 3, 16, 11, 28, 17, 10, 9, 12, 27, 18, 21, 24, 15, 6, 7, 14, 25, 20, 19, 26, 13, 8, 5, 22, 23, 4]
[1, 2, 3, 24, 15, 12, 27, 18, 21, 6, 7, 20, 25, 14, 13, 26, 19, 8, 11, 28, 17, 4, 9, 10, 29, 16, 23, 22, 5]

29
[1, 2, 3, 10, 29, 28, 11, 16, 23, 22, 17, 4, 15, 24, 21, 18, 27, 12, 9, 6, 13, 26, 19, 8, 7, 20, 25, 14, 5]
[1, 2, 3, 18, 21, 24, 15, 12, 27, 30, 9, 6, 13, 26, 19, 20, 25, 14, 7, 8, 5, 22, 17, 28, 29, 10, 11, 16, 23, 4]

30
[1, 2, 3, 12, 7, 20, 25, 14, 5, 8, 19, 26, 13, 6, 15, 24, 21, 18, 27, 30, 9, 10, 11, 16, 29, 28, 17, 22, 23, 4]
[1, 2, 3, 24, 21, 18, 27, 30, 9, 12, 7, 20, 25, 14, 31, 8, 19, 26, 13, 6, 15, 4, 23, 16, 11, 28, 29, 10, 17, 22, 5]

31
[1, 2, 3, 6, 13, 14, 25, 20, 19, 26, 31, 8, 7, 12, 27, 30, 15, 24, 21, 18, 9, 4, 11, 10, 29, 28, 17, 22, 23, 16, 5]
[1, 2, 3, 24, 21, 18, 27, 30, 15, 12, 9, 10, 29, 28, 17, 22, 5, 14, 25, 20, 7, 6, 13, 32, 31, 26, 19, 8, 11, 16, 23, 4]

32
[1, 2, 3, 6, 15, 24, 21, 18, 27, 30, 9, 12, 7, 20, 25, 14, 31, 32, 13, 26, 19, 8, 5, 16, 29, 10, 11, 28, 17, 22, 23, 4]
[1, 2, 3, 24, 33, 6, 21, 18, 9, 4, 15, 30, 27, 12, 7, 20, 19, 26, 13, 32, 25, 14, 31, 8, 11, 16, 23, 22, 17, 28, 29, 10, 5]

33
[1, 2, 3, 12, 7, 32, 13, 14, 25, 20, 19, 26, 31, 8, 11, 16, 29, 28, 17, 22, 23, 4, 15, 6, 21, 24, 33, 30, 27, 18, 9, 10, 5]
[1, 2, 3, 6, 13, 26, 19, 20, 7, 32, 25, 14, 31, 8, 11, 16, 23, 34, 29, 28, 17, 22, 5, 10, 9, 18, 21, 24, 33, 30, 27, 12, 15, 4]

34
[1, 2, 3, 16, 5, 10, 17, 22, 23, 34, 29, 28, 11, 8, 31, 32, 13, 26, 19, 20, 25, 14, 7, 12, 27, 30, 33, 24, 15, 6, 21, 18, 9, 4]
[1, 2, 3, 16, 29, 28, 35, 4, 17, 22, 23, 34, 11, 8, 19, 26, 31, 14, 25, 20, 7, 32, 13, 6, 33, 30, 27, 18, 21, 24, 15, 12, 9, 10, 5]

35
[1, 2, 3, 12, 33, 30, 27, 18, 21, 24, 15, 4, 35, 22, 17, 28, 11, 8, 19, 20, 25, 32, 7, 14, 31, 26, 13, 6, 9, 10, 29, 16, 23, 34, 5]
[1, 2, 3, 18, 27, 30, 9, 36, 21, 24, 33, 12, 15, 6, 13, 8, 19, 26, 31, 32, 7, 20, 25, 14, 5, 16, 23, 22, 35, 28, 11, 34, 29, 10, 17, 4]

36
[1, 2, 3, 12, 15, 30, 9, 18, 27, 36, 21, 24, 33, 6, 7, 14, 13, 26, 19, 20, 25, 32, 31, 8, 11, 34, 29, 28, 17, 10, 5, 16, 23, 22, 35, 4]
[1, 2, 3, 36, 27, 30, 9, 18, 21, 24, 33, 12, 7, 20, 19, 8, 37, 26, 31, 32, 25, 14, 13, 6, 15, 4, 17, 28, 29, 34, 11, 10, 35, 22, 23, 16, 5]

37
[1, 2, 3, 12, 7, 32, 25, 20, 37, 26, 19, 8, 31, 14, 13, 6, 21, 18, 9, 36, 27, 30, 33, 24, 15, 4, 17, 22, 35, 10, 29, 28, 11, 16, 23, 34, 5]
[1, 2, 3, 24, 21, 18, 9, 36, 27, 30, 15, 12, 33, 6, 13, 32, 7, 38, 19, 26, 31, 14, 25, 20, 37, 8, 11, 16, 5, 10, 35, 22, 17, 28, 29, 34, 23, 4]

38
[1, 2, 3, 6, 15, 24, 21, 36, 9, 18, 27, 30, 33, 12, 7, 20, 37, 26, 31, 14, 13, 32, 25, 38, 19, 8, 5, 22, 23, 34, 29, 16, 11, 10, 17, 28, 35, 4]
[1, 2, 3, 4, 17, 10, 9, 18, 39, 24, 15, 30, 33, 12, 27, 36, 21, 6, 13, 32, 25, 38, 19, 20, 7, 14, 31, 26, 37, 8, 11, 28, 35, 22, 23, 34, 29, 16, 5]

39
[1, 2, 3, 10, 17, 22, 35, 28, 29, 16, 23, 4, 15, 24, 39, 18, 21, 36, 27, 30, 33, 12, 9, 6, 13, 26, 31, 14, 7, 32, 25, 38, 19, 20, 37, 8, 11, 34, 5]
[1, 2, 3, 16, 11, 8, 19, 38, 25, 20, 37, 26, 31, 32, 13, 6, 33, 30, 9, 10, 29, 34, 23, 22, 35, 28, 17, 40, 5, 14, 7, 12, 27, 36, 21, 18, 39, 24, 15, 4]

40
[1, 2, 3, 16, 29, 28, 35, 22, 23, 34, 11, 10, 9, 12, 15, 30, 27, 36, 21, 18, 39, 24, 33, 6, 13, 26, 37, 20, 25, 32, 31, 8, 19, 38, 7, 14, 5, 40, 17, 4]
[1, 2, 3, 12, 33, 24, 39, 18, 27, 30, 15, 4, 35, 28, 29, 34, 11, 16, 41, 22, 23, 40, 17, 10, 9, 36, 21, 6, 7, 38, 19, 8, 13, 26, 37, 20, 25, 32, 31, 14, 5]

41
[1, 2, 3, 16, 41, 40, 17, 22, 23, 34, 29, 10, 11, 28, 35, 4, 15, 6, 39, 24, 33, 30, 9, 18, 21, 36, 27, 12, 7, 32, 25, 38, 19, 20, 37, 8, 31, 26, 13, 14, 5]
[1, 2, 3, 36, 27, 30, 9, 18, 39, 42, 21, 24, 33, 12, 15, 6, 13, 32, 25, 20, 19, 38, 7, 8, 37, 26, 31, 14, 5, 34, 23, 40, 41, 22, 35, 10, 17, 28, 29, 16, 11, 4]

42
[1, 2, 3, 12, 33, 30, 9, 36, 27, 18, 21, 24, 39, 42, 15, 6, 13, 32, 31, 26, 37, 8, 7, 20, 19, 38, 25, 14, 5, 22, 35, 28, 17, 10, 29, 16, 41, 40, 23, 34, 11, 4]
[1, 2, 3, 36, 21, 24, 39, 42, 15, 30, 33, 6, 13, 26, 19, 38, 43, 14, 25, 32, 31, 8, 37, 20, 7, 12, 27, 18, 9, 10, 29, 34, 23, 40, 17, 22, 35, 28, 11, 16, 41, 4, 5]

43
[1, 2, 3, 42, 39, 18, 9, 30, 33, 24, 21, 36, 27, 12, 7, 8, 19, 38, 25, 32, 31, 14, 43, 20, 37, 26, 13, 6, 15, 4, 23, 16, 11, 10, 35, 22, 41, 40, 17, 28, 29, 34, 5]
[1, 2, 3, 42, 39, 18, 21, 6, 33, 24, 15, 30, 9, 36, 27, 12, 7, 8, 19, 44, 13, 26, 37, 20, 43, 38, 25, 32, 31, 14, 5, 40, 41, 22, 35, 10, 17, 28, 11, 16, 29, 34, 23, 4]

44
[1, 2, 3, 36, 27, 30, 15, 42, 39, 24, 33, 12, 7, 32, 31, 26, 19, 38, 25, 20, 43, 14, 5, 34, 29, 10, 9, 18, 21, 6, 13, 44, 37, 8, 11, 28, 35, 22, 17, 40, 23, 16, 41, 4]
[1, 2, 3, 16, 11, 34, 29, 28, 17, 10, 35, 22, 23, 40, 41, 4, 9, 36, 21, 42, 15, 24, 39, 6, 33, 30, 27, 18, 45, 12, 7, 38, 25, 32, 31, 8, 13, 26, 19, 44, 37, 20, 43, 14, 5]

45
[1, 2, 3, 42, 15, 4, 9, 6, 21, 36, 27, 30, 33, 24, 39, 18, 45, 12, 7, 32, 31, 26, 13, 14, 25, 38, 43, 20, 19, 44, 37, 8, 11, 16, 23, 40, 41, 22, 35, 10, 17, 28, 29, 34, 5]
[1, 2, 3, 16, 29, 34, 23, 40, 41, 22, 5, 8, 19, 44, 37, 26, 31, 32, 25, 20, 43, 38, 7, 14, 13, 6, 33, 12, 45, 18, 39, 24, 15, 42, 21, 36, 27, 30, 9, 10, 11, 46, 17, 28, 35, 4]

46
[1, 2, 3, 16, 41, 40, 5, 22, 17, 46, 11, 8, 31, 14, 13, 44, 37, 26, 19, 38, 43, 20, 25, 32, 7, 12, 45, 18, 27, 36, 21, 6, 15, 42, 39, 24, 33, 30, 9, 10, 35, 28, 29, 34, 23, 4]
[1, 2, 3, 16, 23, 4, 41, 40, 17, 22, 35, 46, 11, 28, 29, 34, 47, 10, 9, 30, 15, 12, 45, 36, 27, 18, 21, 42, 39, 24, 33, 6, 7, 8, 13, 44, 37, 20, 25, 32, 31, 26, 19, 38, 43, 14, 5]

47
[1, 2, 3, 16, 47, 34, 11, 46, 17, 40, 41, 4, 23, 22, 35, 28, 29, 10, 9, 36, 27, 30, 33, 12, 45, 18, 21, 42, 15, 24, 39, 6, 13, 44, 19, 26, 31, 8, 37, 20, 43, 38, 25, 32, 7, 14, 5]
[1, 2, 3, 12, 45, 36, 27, 18, 21, 42, 39, 24, 33, 48, 15, 30, 9, 6, 13, 44, 37, 26, 31, 32, 25, 14, 7, 20, 43, 38, 19, 8, 5, 16, 41, 22, 35, 28, 29, 10, 47, 34, 23, 40, 17, 46, 11, 4]

48
[1, 2, 3, 12, 33, 24, 21, 36, 45, 18, 27, 30, 9, 48, 15, 42, 39, 6, 7, 14, 43, 38, 25, 32, 31, 26, 19, 20, 37, 44, 13, 8, 11, 16, 5, 40, 23, 34, 47, 10, 29, 28, 17, 46, 35, 22, 41, 4]
[1, 2, 3, 16, 29, 28, 35, 46, 17, 22, 41, 40, 23, 4, 11, 34, 47, 10, 9, 18, 45, 36, 21, 24, 39, 42, 15, 48, 33, 30, 27, 12, 7, 6, 13, 44, 19, 38, 43, 20, 25, 32, 31, 26, 37, 8, 49, 14, 5]

49
[1, 2, 3, 42, 21, 36, 27, 30, 15, 4, 23, 22, 17, 40, 41, 16, 47, 34, 29, 28, 11, 46, 35, 10, 9, 48, 33, 24, 39, 18, 45, 12, 7, 6, 13, 26, 31, 8, 37, 44, 19, 20, 43, 38, 25, 32, 49, 14, 5]
[1, 2, 3, 42, 21, 18, 39, 24, 33, 48, 9, 6, 15, 30, 27, 36, 45, 12, 7, 8, 19, 26, 31, 50, 13, 44, 37, 20, 43, 38, 25, 32, 49, 14, 5, 22, 41, 16, 29, 28, 11, 46, 35, 10, 47, 34, 23, 40, 17, 4]

50
[1, 2, 3, 42, 39, 6, 33, 30, 9, 48, 15, 24, 21, 18, 27, 36, 45, 12, 7, 50, 31, 26, 37, 44, 13, 8, 19, 38, 43, 20, 25, 32, 49, 14, 5, 10, 47, 16, 29, 34, 11, 28, 17, 46, 35, 22, 41, 40, 23, 4]
[1, 2, 3, 10, 47, 34, 11, 16, 29, 28, 17, 46, 35, 22, 41, 40, 23, 4, 15, 24, 33, 48, 9, 30, 51, 6, 21, 42, 39, 18, 27, 36, 45, 12, 7, 38, 25, 32, 49, 8, 19, 26, 31, 50, 13, 44, 37, 20, 43, 14, 5]

51
[1, 2, 3, 16, 47, 34, 23, 40, 17, 28, 29, 10, 11, 46, 35, 22, 41, 4, 9, 48, 15, 42, 21, 24, 33, 30, 51, 6, 39, 18, 27, 36, 45, 12, 7, 50, 13, 8, 31, 26, 19, 44, 37, 20, 43, 38, 25, 32, 49, 14, 5]
[1, 2, 3, 10, 47, 16, 29, 52, 11, 46, 35, 28, 17, 40, 41, 22, 23, 34, 5, 8, 49, 32, 25, 20, 43, 38, 19, 44, 37, 26, 31, 14, 7, 50, 13, 6, 51, 30, 9, 48, 33, 24, 39, 18, 27, 12, 45, 36, 21, 42, 15, 4]

52
[1, 2, 3, 10, 47, 34, 5, 22, 23, 16, 41, 40, 17, 46, 35, 28, 29, 52, 11, 8, 49, 32, 25, 14, 13, 44, 37, 20, 43, 38, 19, 26, 31, 50, 7, 12, 45, 36, 27, 30, 51, 6, 33, 48, 15, 42, 39, 24, 21, 18, 9, 4]
[1, 2, 3, 12, 27, 36, 45, 18, 21, 24, 39, 42, 15, 4, 53, 10, 9, 48, 33, 30, 51, 6, 7, 32, 49, 14, 25, 20, 43, 38, 19, 44, 37, 26, 13, 50, 31, 8, 11, 46, 17, 40, 23, 34, 47, 16, 41, 22, 35, 28, 29, 52, 5]

53
[1, 2, 3, 6, 39, 42, 15, 48, 33, 24, 21, 36, 45, 18, 27, 30, 51, 12, 7, 38, 43, 20, 19, 44, 37, 26, 31, 50, 13, 32, 25, 14, 49, 8, 11, 52, 29, 34, 47, 16, 23, 4, 9, 10, 53, 28, 35, 46, 17, 22, 41, 40, 5]
[1, 2, 3, 54, 27, 36, 21, 6, 51, 30, 9, 48, 33, 24, 15, 42, 39, 18, 45, 12, 7, 50, 13, 26, 31, 32, 49, 14, 43, 20, 25, 38, 19, 44, 37, 8, 11, 52, 5, 22, 23, 16, 41, 40, 17, 46, 35, 10, 47, 34, 29, 28, 53, 4]

54
[1, 2, 3, 6, 21, 42, 15, 24, 39, 18, 45, 36, 27, 54, 9, 48, 33, 30, 51, 12, 7, 20, 43, 38, 19, 44, 37, 26, 13, 50, 31, 32, 25, 14, 49, 8, 5, 16, 47, 10, 53, 28, 11, 52, 29, 34, 23, 22, 41, 40, 17, 46, 35, 4]
[1, 2, 3, 54, 27, 36, 45, 18, 21, 42, 15, 24, 39, 6, 13, 50, 31, 8, 55, 26, 19, 44, 37, 20, 25, 38, 43, 14, 49, 32, 7, 12, 51, 30, 33, 48, 9, 10, 29, 52, 11, 46, 35, 28, 53, 4, 17, 22, 23, 34, 47, 16, 41, 40, 5]

55
[1, 2, 3, 54, 27, 30, 51, 6, 13, 44, 19, 38, 43, 14, 49, 8, 55, 26, 37, 20, 25, 32, 31, 50, 7, 12, 45, 36, 21, 18, 39, 42, 15, 24, 33, 48, 9, 10, 47, 34, 23, 16, 29, 52, 11, 46, 17, 40, 41, 4, 53, 28, 35, 22, 5]
[1, 2, 3, 54, 27, 36, 45, 18, 39, 24, 33, 48, 9, 30, 51, 12, 15, 42, 21, 6, 13, 50, 31, 32, 49, 14, 43, 38, 25, 56, 7, 20, 19, 44, 37, 26, 55, 8, 11, 46, 17, 10, 47, 34, 29, 52, 5, 16, 23, 40, 41, 22, 35, 28, 53, 4]

56
[1, 2, 3, 54, 27, 18, 45, 36, 9, 48, 33, 12, 51, 30, 15, 42, 39, 24, 21, 6, 13, 44, 37, 8, 55, 26, 19, 38, 43, 20, 25, 56, 7, 50, 31, 32, 49, 14, 5, 52, 29, 34, 47, 16, 41, 22, 23, 40, 17, 10, 53, 28, 11, 46, 35, 4]
[1, 2, 3, 4, 53, 28, 35, 46, 17, 22, 41, 40, 23, 34, 29, 52, 11, 8, 55, 26, 19, 44, 37, 20, 43, 38, 25, 56, 7, 14, 49, 32, 31, 50, 13, 6, 57, 24, 39, 42, 15, 48, 33, 30, 51, 12, 45, 36, 21, 18, 27, 54, 9, 10, 47, 16, 5]

57
[1, 2, 3, 16, 47, 34, 23, 40, 41, 22, 17, 46, 11, 52, 29, 10, 53, 28, 35, 4, 9, 54, 27, 18, 39, 42, 15, 48, 33, 30, 51, 12, 45, 36, 21, 24, 57, 6, 7, 56, 25, 38, 43, 20, 37, 44, 19, 8, 55, 26, 13, 50, 31, 32, 49, 14, 5]
[1, 2, 3, 16, 29, 52, 5, 58, 23, 22, 41, 40, 17, 46, 35, 28, 53, 10, 47, 34, 11, 8, 55, 26, 13, 50, 31, 32, 49, 14, 43, 38, 19, 44, 37, 20, 25, 56, 7, 12, 45, 18, 39, 42, 21, 36, 9, 54, 27, 30, 51, 6, 57, 24, 33, 48, 15, 4]

58
[1, 2, 3, 16, 47, 34, 11, 52, 29, 28, 53, 10, 35, 46, 17, 22, 41, 40, 23, 58, 5, 14, 49, 32, 13, 50, 31, 26, 55, 8, 37, 44, 19, 20, 43, 38, 25, 56, 7, 6, 57, 24, 39, 42, 21, 18, 45, 36, 9, 54, 27, 12, 51, 30, 33, 48, 15, 4]
[1, 2, 3, 54, 27, 18, 39, 42, 21, 36, 45, 12, 51, 30, 15, 4, 59, 58, 23, 40, 41, 16, 47, 34, 29, 52, 11, 46, 35, 22, 17, 28, 53, 10, 9, 48, 33, 24, 57, 6, 7, 56, 25, 20, 43, 38, 19, 44, 37, 8, 55, 26, 13, 50, 31, 32, 49, 14, 5]

59
[1, 2, 3, 54, 9, 10, 35, 46, 17, 40, 23, 58, 59, 22, 41, 16, 47, 34, 11, 52, 29, 28, 53, 4, 15, 48, 33, 24, 57, 6, 51, 30, 27, 36, 21, 42, 39, 18, 45, 12, 7, 56, 25, 38, 43, 20, 19, 8, 55, 26, 37, 44, 13, 50, 31, 32, 49, 14, 5]
[1, 2, 3, 54, 27, 12, 51, 30, 9, 36, 45, 18, 39, 42, 21, 60, 57, 24, 33, 48, 15, 6, 7, 56, 25, 20, 43, 38, 19, 8, 55, 26, 37, 44, 13, 50, 31, 32, 49, 14, 5, 58, 59, 22, 17, 46, 35, 28, 53, 10, 47, 34, 11, 52, 29, 16, 23, 40, 41, 4]

60
[1, 2, 3, 54, 9, 18, 39, 24, 57, 60, 21, 42, 15, 48, 33, 30, 27, 36, 45, 12, 51, 6, 13, 50, 31, 32, 49, 14, 25, 56, 7, 38, 43, 20, 19, 44, 37, 26, 55, 8, 11, 34, 47, 16, 29, 52, 5, 10, 53, 28, 35, 46, 17, 22, 59, 58, 23, 40, 41, 4]
[1, 2, 3, 54, 9, 6, 13, 50, 31, 14, 25, 32, 49, 8, 55, 26, 37, 44, 19, 38, 43, 20, 61, 56, 7, 12, 51, 30, 27, 36, 45, 18, 39, 42, 21, 60, 57, 24, 33, 48, 15, 4, 11, 46, 35, 22, 59, 58, 23, 34, 47, 16, 41, 40, 17, 10, 53, 28, 29, 52, 5]

